0.19
0.285
0.44
0.595
0.755
0.91
1.065
1.22
1.38
1.535
1.69
1.845
2.005
2.16
2.315
2.47
2.63
2.785
2.94
3.095
3.255
3.41
3.565
3.72
3.875
4.035
4.19
4.345
4.505
4.66
4.815
4.975
5.13
5.285
5.44
5.6
5.755
5.91
6.065
6.22
6.38
6.535
6.69
6.845
7.005
7.16
7.315
7.475
7.63
7.785
7.94
8.1
8.255
8.41
8.565
8.725
8.88
9.035
9.19
9.345
9.505
9.66
9.815
9.975
10.13
10.285
10.44
10.6
10.755
10.91
11.065
11.225
11.38
11.535
11.69
11.85
12.005
12.16
12.32
12.475
12.63
12.785
12.94
13.1
13.255
13.41
13.57
13.725
13.88
14.035
14.19
14.35
14.505
14.66
14.815
14.975
15.13
15.285
15.445
15.6
15.755
15.91
16.07
16.225
16.38
16.535
16.695
16.85
17.005
17.165
